23 159 1
1 2
2 3
1 4
2 5
5 6
6 7
1 8
4 9
3 10
2 11
3 12
6 13
10 14
1 15
15 16
10 17
14 18
9 19
19 20
15 21
12 22
13 23
4 23
10 12
23 15
10 8
16 10
14 16
15 7
14 11
9 11
1 20
19 5
7 2
7 10
2 16
5 16
17 14
7 16
7 22
8 21
2 10
6 20
8 11
9 15
13 15
18 8
2 4
13 19
23 6
6 9
5 13
8 13
4 11
22 5
14 5
18 22
15 3
13 21
11 1
5 12
13 11
14 7
2 15
2 6
21 9
19 17
21 10
6 8
8 2
16 6
21 6
12 2
11 23
8 7
20 21
1 14
9 10
19 10
6 12
16 3
17 8
4 5
21 16
15 22
19 15
22 20
8 12
3 20
16 22
19 23
21 18
6 18
16 9
17 12
2 20
3 6
19 18
11 17
11 7
19 14
5 10
19 6
6 1
9 23
17 4
6 17
6 10
17 18
23 16
13 4
14 8
11 16
3 22
9 20
18 3
16 8
9 1
2 19
20 12
11 15
20 11
7 23
3 21
16 13
5 18
8 23
7 4
18 7
7 1
19 8
13 12
10 20
21 14
17 5
14 23
19 11
4 18
19 7
2 23
4 16
23 17
1 19
14 22
7 17
16 12
18 2
21 19
1 23
16 1
22 23
10 23
18 1
10 4
6 22
8 5
5 1
13 1
8 15
